Exon_1	OX578059.1	1	18	19	61027982	61027929	minus	-2	0.93
Exon_2	OX578059.1	1	64	65	61027833	61027642	minus	-1	1.34e-22
Exon_2	OX578063.1	2	55	65	26354452	26354309	minus	-1	0.30
Exon_3	OX578059.1	1	188	188	61027562	61027008	minus	-2	1.80e-63
Exon_3	OX578059.1	7	68	188	99050932	99051126	plus	1	9.9
Exon_3	OX578060.1	125	181	188	79035335	79035517	plus	2	2.4
Exon_4	OX578059.1	1	108	109	61026928	61026605	minus	-3	2.62e-47
Exon_4	OX578060.1	76	106	109	11761597	11761716	plus	1	4.6
Exon_4	OX578062.1	17	55	109	2676730	2676614	minus	-2	7.6
Exon_5	OX578059.1	2	64	66	61026516	61026328	minus	-1	5.56e-25
Exon_5	OX578059.1	26	42	66	33906217	33906167	minus	-3	3.3
Exon_5	OX578059.1	24	51	66	113406554	113406637	plus	2	5.1
Exon_5	OX578059.1	28	51	66	65647824	65647741	minus	-1	5.7
Exon_5	OX578060.1	19	48	66	9825840	9825751	minus	-2	0.79
Exon_5	OX578061.1	34	65	66	35546001	35546096	plus	3	3.4
Exon_6	OX578059.1	1	84	84	61026244	61025993	minus	-3	2.93e-31
Exon_6	OX578059.1	1	47	84	87257461	87257324	minus	-3	6.5
Exon_6	OX578059.1	44	82	84	125536226	125536333	plus	2	6.8
Exon_6	OX578060.1	19	58	84	25742799	25742683	minus	-2	5.6
Exon_7	OX578059.1	1	64	65	61025796	61025605	minus	-1	6.31e-26
Exon_7	OX578059.1	12	59	65	14928817	14928951	plus	1	0.39
Exon_7	OX578059.1	12	56	65	69897210	69897335	plus	3	0.84
Exon_7	OX578059.1	4	55	65	478549	478695	plus	1	0.91
Exon_7	OX578059.1	12	58	65	82601325	82601456	plus	3	1.1
Exon_7	OX578059.1	12	56	65	77705778	77705653	minus	-1	1.4
Exon_7	OX578059.1	12	56	65	76702194	76702069	minus	-1	1.4
Exon_7	OX578059.1	12	56	65	67122949	67123074	plus	1	1.4
Exon_7	OX578059.1	12	56	65	69082987	69083112	plus	1	1.4
Exon_7	OX578059.1	12	56	65	72831882	72831757	minus	-1	1.4
Exon_7	OX578059.1	12	56	65	68088621	68088496	minus	-1	1.4
Exon_7	OX578059.1	12	56	65	66857818	66857693	minus	-3	1.4
Exon_7	OX578059.1	12	56	65	79507996	79508121	plus	1	1.4
Exon_7	OX578059.1	12	56	65	129151753	129151878	plus	1	1.4
Exon_7	OX578059.1	9	61	65	22798731	22798880	plus	3	1.4
Exon_7	OX578059.1	10	42	65	68960529	68960627	plus	3	2.5
Exon_7	OX578059.1	4	35	65	63955406	63955498	plus	2	2.9
Exon_7	OX578059.1	12	56	65	79469039	79469164	plus	2	5.6
Exon_7	OX578059.1	3	34	65	84129562	84129654	plus	1	6.0
Exon_7	OX578059.1	9	53	65	81815010	81815132	plus	3	8.8
Exon_7	OX578061.1	11	64	65	18843079	18843231	plus	1	0.055
Exon_7	OX578061.1	11	56	65	16004878	16004750	minus	-3	0.20
Exon_7	OX578061.1	12	64	65	26386504	26386358	minus	-3	0.60
Exon_7	OX578061.1	12	59	65	16023021	16023155	plus	3	0.73
Exon_7	OX578061.1	10	53	65	15388009	15388128	plus	1	0.86
Exon_7	OX578061.1	10	61	65	15438628	15438482	minus	-3	1.00
Exon_7	OX578061.1	12	56	65	17249993	17250118	plus	2	1.4
Exon_7	OX578061.1	12	56	65	17318579	17318454	minus	-2	1.4
Exon_7	OX578061.1	12	56	65	17109768	17109643	minus	-1	1.4
Exon_7	OX578061.1	12	56	65	22925921	22926046	plus	2	1.4
Exon_7	OX578061.1	12	56	65	15846236	15846111	minus	-2	1.4
Exon_7	OX578061.1	12	56	65	25816015	25815890	minus	-3	1.5
Exon_7	OX578061.1	10	60	65	23434434	23434291	minus	-1	2.5
Exon_7	OX578061.1	9	32	65	25075274	25075203	minus	-2	3.2
Exon_7	OX578061.1	8	60	65	19593271	19593098	minus	-3	3.7
Exon_7	OX578061.1	12	56	65	25453398	25453273	minus	-1	4.9
Exon_7	OX578061.1	12	59	65	26434282	26434419	plus	1	7.9
Exon_7	OX578060.1	12	56	65	52419903	52420028	plus	3	0.20
Exon_7	OX578060.1	12	56	65	6248038	6248163	plus	1	1.4
Exon_7	OX578060.1	12	56	65	53365803	53365678	minus	-2	1.4
Exon_7	OX578060.1	12	56	65	50674573	50674698	plus	1	1.4
Exon_7	OX578060.1	12	56	65	53237790	53237915	plus	3	1.4
Exon_7	OX578060.1	12	56	65	61736364	61736489	plus	3	1.4
Exon_7	OX578060.1	12	56	65	71394576	71394701	plus	3	1.4
Exon_7	OX578060.1	28	59	65	66860139	66860234	plus	3	7.5
Exon_7	OX578060.1	28	47	65	30470912	30470853	minus	-3	9.0
Exon_7	CATNUO010000183.1	12	56	65	208191	208316	plus	3	1.4
Exon_7	CATNUO010000049.1	12	56	65	276635	276760	plus	2	1.4
Exon_7	CATNUO010000194.1	12	56	65	1097233	1097358	plus	1	1.4
Exon_7	OX578063.1	12	56	65	18722830	18722955	plus	1	1.4
Exon_7	OX578063.1	3	54	65	12033444	12033307	minus	-2	3.4
Exon_7	OX578063.1	23	52	65	24005166	24005255	plus	3	8.6
Exon_7	OX578062.1	12	56	65	20290619	20290744	plus	2	1.4
Exon_7	OX578062.1	10	62	65	22468409	22468263	minus	-1	2.5
Exon_7	OX578062.1	4	53	65	13691581	13691447	minus	-2	3.5
Exon_7	OX578062.1	9	32	65	20439871	20439942	plus	1	4.8
Exon_7	OX578062.1	17	47	65	5132033	5131938	minus	-1	5.9
Exon_7	OX578062.1	33	59	65	21982897	21982977	plus	1	7.2
Exon_7	OX578062.1	2	58	65	9007976	9008146	plus	2	8.1
Exon_7	OX578062.1	4	35	65	21421001	21420909	minus	-1	8.8
Exon_8	OX578059.1	1	74	75	61025517	61025296	minus	-1	2.63e-29
Exon_8	OX578059.1	25	68	75	24427836	24427985	plus	3	6.0
Exon_8	OX578059.1	4	41	75	59055217	59055092	minus	-3	8.9
Exon_8	OX578059.1	31	62	75	16160571	16160464	minus	-1	9.4
Exon_8	OX578061.1	3	41	75	35235991	35235875	minus	-3	5.5
Exon_8	OX578060.1	27	63	75	84928229	84928339	plus	2	9.8
Exon_9	OX578059.1	1	83	84	61025215	61024967	minus	-3	3.89e-16
Exon_10	OX578059.1	1	51	51	61024877	61024698	minus	-2	5.94e-08
Exon_10	OX578059.1	8	47	51	70159423	70159316	minus	-3	0.054
Exon_10	OX578059.1	1	28	51	105243574	105243491	minus	-3	6.1
Exon_10	OX578059.1	12	40	51	69131524	69131432	minus	-3	6.2
Exon_10	OX578059.1	2	22	51	30282152	30282090	minus	-2	7.8
Exon_10	OX578060.1	2	22	51	37829986	37829924	minus	-1	6.1
Exon_10	OX578061.1	8	30	51	1385033	1385101	plus	2	8.6
Exon_10	OX578062.1	12	40	51	20449299	20449207	minus	-3	9.2
