Exon_1	OU342943.1	1	18	19	22445101	22445048	minus	-2	0.13
Exon_2	OU342943.1	1	64	65	22444953	22444762	minus	-3	8.49e-22
Exon_2	OU342940.1	10	57	65	26789550	26789407	minus	-2	4.8
Exon_2	OU342940.1	29	50	65	45576062	45576124	plus	2	5.5
Exon_2	OU342940.1	9	46	65	37775025	37775150	plus	3	5.9
Exon_3	OU342943.1	1	188	188	22444682	22444122	minus	-1	7.27e-74
Exon_3	OU342943.1	98	138	188	11175849	11175965	plus	3	9.0
Exon_3	OU342942.1	37	96	188	18042654	18042857	plus	3	3.7
Exon_3	OU342941.1	13	36	188	43116206	43116135	minus	-2	5.1
Exon_4	OU342943.1	1	108	109	22444041	22443718	minus	-3	1.02e-44
Exon_4	OU342940.1	78	104	109	59444385	59444305	minus	-2	1.5
Exon_4	OU342940.1	1	28	109	52971208	52971291	plus	1	3.1
Exon_4	OU342945.1	17	55	109	2711071	2711187	plus	1	2.3
Exon_4	OU342945.1	70	104	109	8007321	8007419	plus	3	2.7
Exon_5	OU342943.1	4	64	66	22443623	22443441	minus	-1	7.44e-19
Exon_5	OU342940.1	1	54	66	57595919	57596065	plus	2	5.1
Exon_5	OU342940.1	33	52	66	22511491	22511550	plus	1	8.6
Exon_5	OU342946.1	33	59	66	4726451	4726371	minus	-3	5.3
Exon_5	OU342944.1	35	62	66	11142530	11142622	plus	2	6.0
Exon_5	OU342945.1	22	50	66	23646662	23646757	plus	2	6.6
Exon_6	OU342943.1	1	84	84	22443355	22443104	minus	-2	2.29e-32
Exon_6	OU342943.1	27	56	84	12633305	12633394	plus	2	7.2
Exon_6	OU342941.1	27	71	84	34881023	34881157	plus	2	4.9
Exon_6	OU342940.1	9	46	84	27897492	27897590	plus	3	8.1
Exon_6	OU342940.1	42	83	84	19666541	19666425	minus	-3	8.6
Exon_6	OU342940.1	42	83	84	16479947	16479831	minus	-3	9.4
Exon_7	OU342943.1	1	64	65	22442836	22442645	minus	-2	1.87e-26
Exon_7	OU342943.1	7	37	65	30993644	30993555	minus	-1	5.2
Exon_7	OU342943.1	33	59	65	26644377	26644297	minus	-3	5.2
Exon_7	OU342943.1	12	53	65	28286863	28286750	minus	-2	7.2
Exon_7	OU342943.1	3	64	65	24926233	24926421	plus	1	7.5
Exon_7	OU342942.1	9	61	65	20242610	20242461	minus	-3	0.37
Exon_7	OU342942.1	5	53	65	21332892	21333026	plus	3	2.3
Exon_7	OU342942.1	33	59	65	21011516	21011596	plus	2	2.4
Exon_7	OU342942.1	9	55	65	17392248	17392379	plus	3	5.8
Exon_7	OU342942.1	3	64	65	23968376	23968564	plus	2	7.5
Exon_7	OU342946.1	10	61	65	17085417	17085563	plus	3	0.43
Exon_7	OU342946.1	33	59	65	11913104	11913024	minus	-3	4.8
Exon_7	OU342946.1	8	24	65	13272162	13272212	plus	3	6.7
Exon_7	OU342944.1	6	57	65	15143531	15143391	minus	-1	1.7
Exon_7	OU342940.1	6	57	65	26612449	26612589	plus	1	2.1
Exon_7	OU342940.1	11	30	65	26479738	26479679	minus	-1	5.5
Exon_7	OU342940.1	8	59	65	26146915	26146739	minus	-1	5.6
Exon_7	OU342940.1	5	48	65	3997365	3997496	plus	3	6.3
Exon_7	OU342940.1	2	34	65	13288551	13288453	minus	-2	7.2
Exon_7	OU342940.1	12	54	65	15071280	15071396	plus	3	9.5
Exon_7	OU342941.1	23	41	65	14254884	14254940	plus	3	6.6
Exon_8	OU342943.1	1	74	75	22442557	22442336	minus	-2	6.31e-34
Exon_8	OU342943.1	2	40	75	8613840	8613718	minus	-3	9.0
Exon_9	OU342943.1	1	83	84	22442255	22442007	minus	-1	9.38e-20
Exon_10	OU342943.1	1	42	51	22441917	22441792	minus	-3	1.05e-08
Exon_10	OU342942.1	1	47	51	7795783	7795914	plus	1	2.6
Exon_10	OU342942.1	5	32	51	4814878	4814795	minus	-1	3.0
Exon_10	OU342944.1	12	48	51	6802216	6802106	minus	-2	9.0
