Exon_1	OX387715.1	1	18	19	61455521	61455574	plus	2	0.32
Exon_2	OX387715.1	1	64	65	61455670	61455861	plus	1	1.35e-21
Exon_2	OX387715.1	31	53	65	58041520	58041588	plus	1	3.6
Exon_2	OX387717.1	2	40	65	51002720	51002833	plus	2	1.6
Exon_2	OX387717.1	2	31	65	67087399	67087467	plus	1	3.8
Exon_3	OX387715.1	1	188	188	61455941	61456495	plus	2	1.10e-71
Exon_3	OX387719.1	125	181	188	3178890	3179072	plus	3	1.9
Exon_3	OX387716.1	126	170	188	71275085	71274951	minus	-1	2.9
Exon_3	OX387716.1	108	163	188	97251076	97251246	plus	1	7.8
Exon_4	OX387715.1	1	108	109	61456575	61456898	plus	3	4.20e-46
Exon_4	OX387717.1	14	78	109	43008354	43008542	plus	3	7.3
Exon_4	OX387716.1	17	55	109	2818396	2818280	minus	-2	7.3
Exon_5	OX387715.1	2	64	66	61456987	61457175	plus	1	2.19e-26
Exon_5	OX387715.1	32	63	66	118899264	118899359	plus	3	2.7
Exon_5	OX387715.1	26	42	66	89683592	89683642	plus	2	3.1
Exon_5	OX387715.1	13	34	66	47848295	47848230	minus	-2	7.8
Exon_5	OX387719.1	26	61	66	4809864	4809766	minus	-2	5.6
Exon_5	OX387719.1	17	49	66	23496795	23496917	plus	3	6.6
Exon_5	OX387719.1	15	52	66	12205998	12205882	minus	-2	9.6
Exon_6	OX387715.1	2	84	84	61457262	61457510	plus	3	1.17e-30
Exon_6	OX387715.1	52	80	84	99821710	99821624	minus	-3	8.6
Exon_6	OX387717.1	44	82	84	17181948	17181841	minus	-2	7.1
Exon_6	OX387717.1	6	40	84	33045127	33045023	minus	-1	7.2
Exon_7	OX387715.1	1	64	65	61457707	61457898	plus	1	7.37e-26
Exon_7	OX387715.1	12	55	65	51741963	51742085	plus	3	0.24
Exon_7	OX387715.1	9	60	65	52523426	52523280	minus	-2	1.5
Exon_7	OX387715.1	8	37	65	118651845	118651940	plus	3	1.8
Exon_7	OX387715.1	9	61	65	62170815	62170964	plus	3	3.1
Exon_7	OX387715.1	3	53	65	117448776	117448639	minus	-1	4.1
Exon_7	OX387716.1	10	63	65	20704961	20705119	plus	2	0.17
Exon_7	OX387716.1	10	63	65	20733541	20733383	minus	-2	0.17
Exon_7	OX387716.1	10	63	65	20542475	20542317	minus	-1	0.17
Exon_7	OX387716.1	10	53	65	96301256	96301137	minus	-1	0.23
Exon_7	OX387716.1	11	59	65	81822094	81822234	plus	1	0.25
Exon_7	OX387716.1	9	61	65	28364476	28364625	plus	1	0.32
Exon_7	OX387716.1	12	56	65	27208172	27208297	plus	2	0.75
Exon_7	OX387716.1	9	60	65	14257599	14257453	minus	-3	0.89
Exon_7	OX387716.1	10	60	65	73097722	73097576	minus	-2	0.93
Exon_7	OX387716.1	12	62	65	44748825	44748968	plus	3	1.2
Exon_7	OX387716.1	12	56	65	28511182	28511307	plus	1	1.3
Exon_7	OX387716.1	12	56	65	74950060	74950185	plus	1	1.3
Exon_7	OX387716.1	12	56	65	93940687	93940812	plus	1	2.3
Exon_7	OX387716.1	13	55	65	9426327	9426446	plus	3	3.5
Exon_7	OX387716.1	33	59	65	48666567	48666647	plus	3	4.7
Exon_7	OX387716.1	33	59	65	94088896	94088976	plus	1	6.1
Exon_7	OX387716.1	3	60	65	95336936	95337130	plus	2	6.2
Exon_7	OX387716.1	1	34	65	88904423	88904524	plus	2	7.8
Exon_7	OX387718.1	9	60	65	12530107	12529961	minus	-3	0.30
Exon_7	OX387718.1	12	59	65	19477562	19477425	minus	-2	1.1
Exon_7	OX387718.1	9	59	65	10808782	10808925	plus	1	1.7
Exon_7	OX387718.1	4	53	65	10663378	10663512	plus	1	4.4
Exon_7	OX387717.1	11	59	65	66925517	66925654	plus	2	1.00
Exon_7	OX387717.1	9	60	65	57344919	57344773	minus	-2	1.5
Exon_7	OX387717.1	9	61	65	58587149	58587000	minus	-3	1.8
Exon_7	OX387717.1	12	53	65	59444553	59444666	plus	3	3.1
Exon_7	OX387717.1	4	53	65	57003767	57003633	minus	-3	3.3
Exon_7	OX387717.1	28	59	65	3243539	3243444	minus	-3	5.8
Exon_7	OX387717.1	12	54	65	32321382	32321498	plus	3	7.2
Exon_7	OX387719.1	4	53	65	19492164	19492030	minus	-2	4.4
Exon_8	OX387715.1	1	74	75	61457986	61458207	plus	1	5.15e-28
Exon_8	OX387718.1	2	36	75	23490349	23490453	plus	1	2.2
Exon_8	OX387719.1	27	63	75	9137600	9137710	plus	2	3.1
Exon_9	OX387715.1	1	83	84	61458288	61458536	plus	3	9.78e-18
Exon_10	OX387715.1	1	51	51	61458626	61458805	plus	2	1.52e-09
Exon_10	OX387715.1	24	47	51	30258404	30258333	minus	-2	4.8
Exon_10	OX387715.1	6	33	51	104252567	104252650	plus	2	6.0
Exon_10	OX387715.1	2	22	51	70369160	70369222	plus	2	9.6
