Exon_1	CM055678.1	1	18	19	35230451	35230504	plus	2	0.062
Exon_2	CM055678.1	1	62	65	35230601	35230786	plus	2	1.62e-21
Exon_2	CM055678.1	1	48	65	29020753	29020896	plus	1	0.19
Exon_2	CM055676.1	13	61	65	50878123	50878251	plus	1	8.0
Exon_2	CM055680.1	3	27	65	4392648	4392574	minus	-1	8.1
Exon_3	CM055678.1	1	188	188	35230872	35231417	plus	3	6.50e-67
Exon_3	CM055678.1	37	106	188	18049817	18050032	plus	2	4.5
Exon_3	CM055682.1	16	67	188	7259532	7259374	minus	-2	2.7
Exon_3	CM055682.1	38	74	188	16855069	16854959	minus	-1	8.4
Exon_4	CM055678.1	1	107	109	35231497	35231817	plus	1	7.54e-50
Exon_4	CM055682.1	17	55	109	16079716	16079600	minus	-1	2.2
Exon_4	CM055682.1	73	106	109	26489143	26489244	plus	1	5.3
Exon_4	CM055677.1	18	70	109	35503314	35503478	plus	3	5.4
Exon_4	CM055677.1	31	87	109	47963228	47963061	minus	-3	8.5
Exon_4	CM055676.1	18	53	109	83410807	83410700	minus	-3	6.4
Exon_5	CM055678.1	2	64	66	35231909	35232097	plus	2	3.67e-26
Exon_5	CM055678.1	10	57	66	25599213	25599356	plus	3	1.8
Exon_5	CM055678.1	26	42	66	14816271	14816221	minus	-2	1.9
Exon_5	CM055677.1	21	62	66	17894724	17894563	minus	-2	3.9
Exon_5	CM055681.1	14	38	66	7808169	7808092	minus	-3	7.7
Exon_5	CM055681.1	24	44	66	13443520	13443582	plus	1	8.5
Exon_6	CM055678.1	1	84	84	35232181	35232432	plus	1	6.19e-30
Exon_6	CM055678.1	8	52	84	46565301	46565435	plus	3	4.9
Exon_6	CM055682.1	19	74	84	9229402	9229569	plus	1	3.1
Exon_6	CM055680.1	4	44	84	7576926	7576807	minus	-1	4.7
Exon_6	CM055676.1	25	68	84	84531869	84532000	plus	2	7.2
Exon_6	CM055677.1	27	73	84	14538968	14538831	minus	-3	9.4
Exon_7	CM055678.1	1	64	65	35232685	35232876	plus	1	1.56e-25
Exon_7	CM055678.1	4	64	65	40841340	40841522	plus	3	1.2
Exon_7	CM055678.1	10	54	65	317001	316873	minus	-2	2.0
Exon_7	CM055678.1	12	54	65	38825488	38825372	minus	-1	3.9
Exon_7	CM055678.1	12	62	65	35600998	35601141	plus	1	5.6
Exon_7	CM055677.1	12	62	65	5020445	5020588	plus	2	0.073
Exon_7	CM055677.1	4	35	65	51118144	51118052	minus	-1	1.8
Exon_7	CM055677.1	5	28	65	41271412	41271341	minus	-1	4.0
Exon_7	CM055677.1	25	43	65	1297913	1297857	minus	-3	9.2
Exon_7	CM055680.1	3	59	65	19853890	19853720	minus	-3	0.54
Exon_7	CM055680.1	3	30	65	13316302	13316219	minus	-3	4.7
Exon_7	CM055680.1	10	53	65	14769309	14769428	plus	3	7.0
Exon_7	CM055680.1	2	58	65	23425202	23425032	minus	-2	7.8
Exon_7	CM055676.1	12	59	65	81009387	81009250	minus	-1	0.59
Exon_7	CM055676.1	12	62	65	88501509	88501652	plus	3	4.3
Exon_7	CM055676.1	12	53	65	2381174	2381058	minus	-2	7.0
Exon_7	CM055676.1	28	47	65	66314086	66314027	minus	-3	7.4
Exon_7	CM055681.1	4	54	65	16308571	16308723	plus	1	1.4
Exon_7	CM055681.1	2	59	65	12515729	12515923	plus	2	5.1
Exon_7	CM055679.1	12	59	65	16540858	16540721	minus	-2	1.6
Exon_7	CM055679.1	4	35	65	33099784	33099692	minus	-2	2.1
Exon_7	CM055679.1	5	64	65	23510538	23510705	plus	3	3.0
Exon_7	CM055679.1	12	33	65	17351049	17350984	minus	-3	6.0
Exon_7	CM055679.1	12	33	65	17221883	17221818	minus	-1	6.1
Exon_7	CM055679.1	9	54	65	19514769	19514641	minus	-3	8.3
Exon_7	CM055682.1	12	54	65	3552261	3552377	plus	3	4.0
Exon_7	CM055682.1	2	58	65	24517918	24518088	plus	1	4.5
Exon_7	CM055682.1	8	48	65	508147	508028	minus	-1	6.2
Exon_7	CM055682.1	4	34	65	1103720	1103809	plus	2	6.6
Exon_7	CM055682.1	13	52	65	24462464	24462574	plus	2	7.3
Exon_8	CM055678.1	1	74	75	35232964	35233185	plus	1	3.36e-33
Exon_8	CM055681.1	27	63	75	25952431	25952321	minus	-2	2.8
Exon_8	CM055681.1	14	44	75	20106177	20106266	plus	3	5.0
Exon_8	CM055679.1	30	70	75	2743718	2743596	minus	-1	4.9
Exon_8	CM055679.1	35	68	75	21168668	21168769	plus	2	9.1
Exon_8	CM055676.1	9	55	75	40912511	40912651	plus	2	6.1
Exon_8	CM055676.1	15	66	75	71627824	71627669	minus	-3	6.9
Exon_8	CM055676.1	7	60	75	12577808	12577635	minus	-2	7.2
Exon_9	CM055678.1	1	83	84	35233266	35233514	plus	3	1.37e-24
Exon_10	CM055678.1	1	50	51	35233604	35233780	plus	2	2.42e-14
Exon_10	CM055678.1	2	25	51	34022696	34022625	minus	-3	8.8
