Exon_1	OX122891.2	1	18	19	46790002	46789949	minus	-3	0.021
Exon_2	OX122891.2	1	64	65	46789853	46789665	minus	-2	1.42e-19
Exon_2	OX122890.1	16	63	65	76931093	76931236	plus	2	0.23
Exon_2	OX122893.2	1	60	65	35181585	35181412	minus	-1	1.5
Exon_3	OX122891.2	1	188	188	46789585	46789025	minus	-3	1.89e-76
Exon_3	OX122893.2	37	110	188	6686579	6686358	minus	-2	7.0
Exon_3	OX122895.1	106	135	188	5465015	5464926	minus	-2	8.0
Exon_3	OX122889.2	85	124	188	87364656	87364775	plus	3	8.1
Exon_4	OX122891.2	1	108	109	46788945	46788622	minus	-1	2.91e-48
Exon_4	OX122895.1	1	86	109	4994744	4994475	minus	-2	0.27
Exon_4	OX122893.2	17	55	109	43905508	43905392	minus	-3	4.0
Exon_4	OX122893.2	12	61	109	1723492	1723343	minus	-3	4.3
Exon_5	OX122891.2	4	64	66	46788527	46788345	minus	-2	3.85e-25
Exon_5	OX122891.2	13	57	66	67468780	67468914	plus	1	0.12
Exon_5	OX122890.1	16	54	66	64818872	64818988	plus	2	2.7
Exon_5	OX122890.1	30	58	66	20787884	20787798	minus	-2	8.6
Exon_5	OX122895.1	9	38	66	12645359	12645270	minus	-2	5.8
Exon_5	OX122889.2	27	64	66	83820453	83820340	minus	-1	9.1
Exon_6	OX122891.2	1	84	84	46788261	46788010	minus	-1	4.88e-32
Exon_6	OX122893.2	13	52	84	38610609	38610472	minus	-1	4.4
Exon_6	OX122890.1	52	80	84	17172762	17172848	plus	3	8.7
Exon_7	OX122891.2	1	64	65	46786677	46786486	minus	-1	4.78e-26
Exon_7	OX122891.2	11	64	65	42657023	42657175	plus	2	0.067
Exon_7	OX122891.2	1	53	65	7096110	7096256	plus	3	0.091
Exon_7	OX122891.2	3	61	65	16681133	16680957	minus	-2	0.25
Exon_7	OX122891.2	6	61	65	46198049	46197882	minus	-2	0.78
Exon_7	OX122891.2	12	56	65	16291081	16291206	plus	1	4.4
Exon_7	OX122892.1	11	59	65	26591958	26592098	plus	3	0.26
Exon_7	OX122892.1	8	63	65	26522775	26522945	plus	3	1.8
Exon_7	OX122892.1	7	60	65	13140228	13140410	plus	3	8.1
Exon_7	OX122892.1	9	61	65	22867936	22868085	plus	1	8.1
Exon_7	OX122892.1	9	61	65	22840130	22839981	minus	-1	8.9
Exon_7	OX122893.2	3	30	65	28484174	28484091	minus	-2	0.26
Exon_7	OX122893.2	8	54	65	17372119	17372280	plus	1	1.1
Exon_7	OX122893.2	17	47	65	39143687	39143779	plus	2	2.6
Exon_7	OX122893.2	9	54	65	12628691	12628566	minus	-2	4.7
Exon_7	OX122893.2	7	60	65	10839446	10839628	plus	2	8.1
Exon_7	OX122890.1	3	30	65	39921515	39921598	plus	2	0.27
Exon_7	OX122890.1	3	61	65	62266111	62266287	plus	1	0.50
Exon_7	OX122890.1	13	54	65	58265989	58266105	plus	1	0.70
Exon_7	OX122890.1	10	64	65	64484980	64484828	minus	-3	0.90
Exon_7	OX122890.1	12	64	65	51176634	51176780	plus	3	1.5
Exon_7	OX122890.1	11	59	65	60642113	60641976	minus	-2	1.8
Exon_7	OX122890.1	9	59	65	23554539	23554682	plus	3	4.9
Exon_7	OX122890.1	9	54	65	50448558	50448686	plus	3	5.2
Exon_7	OX122890.1	10	62	65	22200450	22200596	plus	3	5.9
Exon_7	OX122890.1	9	61	65	23395239	23395388	plus	3	8.0
Exon_7	OX122890.1	9	61	65	23436022	23435873	minus	-3	8.0
Exon_7	OX122890.1	7	60	65	62329311	62329493	plus	3	8.1
Exon_7	OX122890.1	7	60	65	51459216	51459034	minus	-1	9.1
Exon_7	OX122894.2	7	60	65	12504493	12504675	plus	1	3.2
Exon_7	OX122894.2	3	53	65	25586464	25586601	plus	1	4.7
Exon_7	OX122894.2	9	61	65	23822913	23822764	minus	-2	7.2
Exon_7	OX122894.2	7	60	65	12408619	12408801	plus	1	8.1
Exon_7	OX122894.2	7	60	65	25017808	25017626	minus	-1	8.1
Exon_7	OX122894.2	7	60	65	19714289	19714471	plus	2	8.1
Exon_7	OX122894.2	2	58	65	23906321	23906151	minus	-3	8.2
Exon_7	OX122889.2	10	54	65	80200581	80200459	minus	-1	4.6
Exon_7	OX122889.2	7	31	65	38429754	38429680	minus	-1	5.0
Exon_7	OX122889.2	12	56	65	59053465	59053590	plus	1	5.2
Exon_7	OX122889.2	7	60	65	78766659	78766477	minus	-1	8.3
Exon_7	OX122889.2	2	58	65	47844664	47844834	plus	1	9.4
Exon_7	OX122895.1	10	33	65	9896114	9896043	minus	-2	5.1
Exon_8	OX122891.2	1	74	75	46786401	46786180	minus	-1	2.73e-37
Exon_8	OX122891.2	35	73	75	14335062	14334946	minus	-1	2.9
Exon_8	OX122890.1	11	67	75	4454592	4454777	plus	3	2.7
Exon_8	OX122892.1	29	69	75	20405767	20405889	plus	1	4.2
Exon_9	OX122891.2	1	83	84	46786099	46785851	minus	-3	2.57e-24
Exon_10	OX122891.2	1	42	51	46785761	46785636	minus	-2	1.03e-11
Exon_10	OX122891.2	22	48	51	48091073	48090993	minus	-2	0.13
Exon_10	OX122892.1	15	41	51	30103430	30103516	plus	2	8.2
Exon_10	OX122893.2	15	50	51	8528426	8528533	plus	2	8.5
