Exon_1	OZ010663.1	1	18	19	11702923	11702870	minus	-1	0.83
Exon_2	OZ010663.1	33	59	65	11702744	11702667	minus	-3	0.19
Exon_2	OZ010663.1	2	50	65	17713435	17713277	minus	-1	8.7
Exon_2	OZ010660.1	2	40	65	28086590	28086477	minus	-1	2.5
Exon_2	OZ010660.1	17	54	65	44664639	44664505	minus	-3	8.4
Exon_2	OZ010664.1	8	46	65	19933411	19933542	plus	1	2.5
Exon_2	OZ010664.1	13	39	65	26957669	26957589	minus	-2	6.3
Exon_2	CAWVQI010000214.1	11	38	65	44494	44577	plus	1	4.7
Exon_2	OZ010659.1	16	54	65	23956004	23955888	minus	-2	5.4
Exon_3	OZ010663.1	3	188	188	11702568	11702014	minus	-2	2.12e-74
Exon_3	OZ010660.1	106	182	188	3919657	3919427	minus	-2	4.7
Exon_3	OZ010661.1	59	105	188	41642886	41642743	minus	-1	7.3
Exon_4	OZ010663.1	1	108	109	11701936	11701613	minus	-1	1.46e-46
Exon_4	OZ010663.1	24	106	109	40997014	40997235	plus	1	8.2
Exon_4	OZ010659.1	17	55	109	741159	741043	minus	-1	3.2
Exon_5	OZ010663.1	2	64	66	11701523	11701335	minus	-3	2.07e-27
Exon_5	OZ010664.1	9	38	66	31383130	31383219	plus	1	3.6
Exon_5	OZ010659.1	11	34	66	17190868	17190939	plus	1	6.9
Exon_5	OZ010659.1	13	51	66	45174400	45174516	plus	1	7.8
Exon_6	OZ010663.1	1	84	84	11701251	11701000	minus	-2	5.99e-29
Exon_6	OZ010660.1	51	83	84	58799740	58799844	plus	1	8.8
Exon_7	OZ010663.1	1	64	65	11700733	11700542	minus	-1	1.57e-27
Exon_7	OZ010663.1	11	56	65	24175159	24175287	plus	1	0.32
Exon_7	OZ010663.1	4	53	65	16351813	16351679	minus	-1	2.2
Exon_7	OZ010663.1	12	37	65	23425238	23425315	plus	2	2.3
Exon_7	OZ010663.1	12	57	65	39143054	39142938	minus	-3	3.0
Exon_7	OZ010662.1	9	61	65	22151052	22150903	minus	-2	0.27
Exon_7	OZ010662.1	12	53	65	19075635	19075519	minus	-2	0.33
Exon_7	OZ010662.1	9	60	65	25780912	25781058	plus	1	2.3
Exon_7	OZ010662.1	12	54	65	24737638	24737522	minus	-1	2.8
Exon_7	OZ010662.1	4	53	65	24816284	24816150	minus	-3	3.1
Exon_7	OZ010660.1	12	64	65	11929603	11929749	plus	1	0.55
Exon_7	OZ010660.1	2	52	65	30148144	30147974	minus	-2	2.8
Exon_7	OZ010660.1	10	53	65	37340957	37340841	minus	-1	4.5
Exon_7	OZ010660.1	4	53	65	19033616	19033750	plus	2	4.8
Exon_7	OZ010664.1	9	53	65	29250631	29250753	plus	1	0.83
Exon_7	OZ010664.1	9	60	65	13742758	13742612	minus	-3	1.5
Exon_7	OZ010661.1	9	59	65	31377610	31377753	plus	1	1.1
Exon_7	OZ010661.1	4	53	65	18332957	18333091	plus	2	1.6
Exon_7	OZ010661.1	12	62	65	27657835	27657692	minus	-3	1.7
Exon_7	OZ010661.1	10	53	65	33480781	33480662	minus	-3	2.0
Exon_7	OZ010661.1	9	60	65	18588372	18588226	minus	-1	2.3
Exon_7	OZ010661.1	12	59	65	15028141	15028007	minus	-3	3.7
Exon_7	OZ010659.1	9	28	65	16148108	16148049	minus	-2	8.8
Exon_8	OZ010663.1	1	74	75	11700454	11700233	minus	-1	8.18e-34
Exon_8	OZ010660.1	24	54	75	59515345	59515253	minus	-2	0.56
Exon_8	OZ010662.1	30	70	75	44976380	44976532	plus	2	3.6
Exon_8	OZ010659.1	5	27	75	41166312	41166383	plus	3	4.6
Exon_8	OZ010661.1	39	65	75	15599926	15599846	minus	-3	5.9
Exon_8	OZ010661.1	12	46	75	44972802	44972698	minus	-1	7.7
Exon_8	OZ010664.1	11	74	75	24068903	24068751	minus	-2	9.8
Exon_9	OZ010663.1	1	83	84	11700157	11699909	minus	-1	6.35e-24
Exon_9	OZ010660.1	33	59	84	55511325	55511245	minus	-3	7.4
Exon_10	OZ010663.1	3	50	51	11699813	11699643	minus	-3	1.23e-12
Exon_10	OZ010663.1	6	30	51	36115027	36115113	plus	1	5.1
Exon_10	OZ010663.1	7	37	51	1370633	1370734	plus	2	5.4
