Exon_1	OV815995.1	1	18	19	44177451	44177504	plus	3	1.19e-04
Exon_1	OV815996.1	1	18	19	48860938	48860991	plus	1	0.045
Exon_1	OV815996.1	7	18	19	48704331	48704296	minus	-1	0.48
Exon_1	OV815996.1	7	18	19	48863694	48863659	minus	-1	1.9
Exon_2	OV815995.1	1	64	65	44177600	44177791	plus	2	4.98e-37
Exon_2	OV815996.1	1	64	65	48863563	48863372	minus	-3	2.60e-31
Exon_2	OV815996.1	1	64	65	48704200	48704009	minus	-3	2.60e-31
Exon_2	OV815996.1	1	56	65	48861087	48861254	plus	3	3.32e-26
Exon_2	OV815996.1	19	61	65	5094421	5094546	plus	1	5.8
Exon_2	OV815994.1	7	33	65	31075941	31076021	plus	3	4.1
Exon_2	OV815994.1	4	34	65	56403658	56403569	minus	-3	9.9
Exon_2	OV815999.1	30	54	65	18792597	18792671	plus	3	9.7
Exon_3	OV815995.1	1	188	188	44177871	44178434	plus	3	3.63e-123
Exon_3	OV815995.1	68	114	188	8254482	8254342	minus	-3	2.5
Exon_3	OV815996.1	9	188	188	48861330	48861860	plus	3	1.16e-82
Exon_3	OV815996.1	9	188	188	48701957	48702487	plus	2	2.90e-82
Exon_3	OV815996.1	16	188	188	48863249	48862740	minus	-2	2.91e-77
Exon_3	OV815996.1	16	188	188	48703886	48703377	minus	-2	1.15e-76
Exon_3	OV815996.1	1	18	188	48863292	48863239	minus	-1	0.49
Exon_3	OV815996.1	1	18	188	48703929	48703876	minus	-1	0.56
Exon_3	OV815996.1	37	83	188	44753498	44753638	plus	2	5.5
Exon_3	OV815998.1	37	116	188	7467101	7466859	minus	-3	0.98
Exon_3	OV815998.1	88	125	188	13196269	13196144	minus	-1	3.7
Exon_3	OV815997.1	88	144	188	5038493	5038663	plus	2	5.4
Exon_3	OV815993.1	54	144	188	10274215	10273907	minus	-1	6.2
Exon_3	OV815994.1	85	126	188	9311925	9311797	minus	-1	9.3
Exon_4	OV815995.1	1	108	109	44178514	44178837	plus	1	1.25e-68
Exon_4	OV815995.1	26	88	109	375366	375172	minus	-3	7.3
Exon_4	OV815996.1	1	108	109	48703297	48702977	minus	-3	4.06e-56
Exon_4	OV815996.1	1	96	109	48862660	48862358	minus	-3	4.62e-36
Exon_4	OV815996.1	69	108	109	48862469	48862350	minus	-2	7.07e-15
Exon_4	OV815999.1	17	55	109	2591018	2590902	minus	-2	2.4
Exon_4	OV815998.1	12	61	109	5575122	5574973	minus	-2	2.7
Exon_5	OV815995.1	1	65	66	44178925	44179119	plus	1	9.88e-38
Exon_5	OV815996.1	2	64	66	48702887	48702699	minus	-2	1.99e-32
Exon_5	OV815996.1	2	65	66	48862260	48862069	minus	-1	2.43e-29
Exon_5	OV815994.1	2	30	66	1657653	1657739	plus	3	0.71
Exon_5	OV815994.1	19	48	66	20020755	20020844	plus	3	4.9
Exon_5	OV815997.1	16	54	66	20367517	20367404	minus	-3	3.9
Exon_5	OV815998.1	26	42	66	10920701	10920751	plus	2	7.2
Exon_5	OV815999.1	34	53	66	174795	174854	plus	3	8.9
Exon_6	OV815995.1	1	84	84	44179201	44179452	plus	1	1.24e-51
Exon_6	OV815996.1	1	59	84	48702614	48702438	minus	-2	5.32e-16
Exon_6	OV815996.1	1	41	84	48861987	48861865	minus	-1	2.01e-13
Exon_6	OV815994.1	1	65	84	49879128	49878949	minus	-1	1.4
Exon_7	OV815995.1	1	64	65	44179622	44179813	plus	2	5.99e-35
Exon_7	OV815995.1	11	60	65	48048363	48048220	minus	-3	0.55
Exon_7	OV815995.1	11	60	65	20296141	20296284	plus	1	0.58
Exon_7	OV815995.1	12	56	65	21563507	21563382	minus	-1	0.79
Exon_7	OV815995.1	4	35	65	21911687	21911595	minus	-1	2.3
Exon_7	OV815995.1	12	56	65	30703889	30704014	plus	2	2.8
Exon_7	OV815995.1	12	56	65	22704557	22704682	plus	2	2.9
Exon_7	OV815995.1	12	56	65	22367069	22366944	minus	-1	2.9
Exon_7	OV815995.1	12	56	65	30755620	30755745	plus	1	2.9
Exon_7	OV815995.1	12	56	65	33819311	33819436	plus	2	2.9
Exon_7	OV815995.1	12	59	65	30434912	30434778	minus	-1	7.4
Exon_7	OV815993.1	12	57	65	46661602	46661471	minus	-1	0.012
Exon_7	OV815993.1	12	56	65	24561279	24561404	plus	3	0.48
Exon_7	OV815993.1	12	56	65	39438358	39438233	minus	-1	0.79
Exon_7	OV815993.1	6	57	65	22407746	22407606	minus	-3	0.83
Exon_7	OV815993.1	11	60	65	47595068	47594925	minus	-3	1.2
Exon_7	OV815993.1	12	53	65	75656903	75656790	minus	-3	1.3
Exon_7	OV815993.1	9	60	65	19339286	19339140	minus	-3	1.5
Exon_7	OV815993.1	10	62	65	22902872	22902723	minus	-3	1.7
Exon_7	OV815993.1	12	53	65	75641904	75642017	plus	3	2.0
Exon_7	OV815993.1	10	53	65	75727355	75727236	minus	-3	2.2
Exon_7	OV815993.1	12	56	65	37035369	37035244	minus	-2	2.8
Exon_7	OV815993.1	12	56	65	36155954	36156079	plus	2	2.9
Exon_7	OV815993.1	12	56	65	46408792	46408667	minus	-1	2.9
Exon_7	OV815993.1	12	56	65	45512031	45511906	minus	-2	2.9
Exon_7	OV815993.1	12	56	65	44217556	44217431	minus	-1	2.9
Exon_7	OV815993.1	12	56	65	36248734	36248609	minus	-1	2.9
Exon_7	OV815993.1	12	56	65	34062222	34062097	minus	-2	2.9
Exon_7	OV815993.1	12	56	65	26648016	26647891	minus	-2	2.9
Exon_7	OV815993.1	12	56	65	30641798	30641673	minus	-3	3.0
Exon_7	OV815993.1	12	56	65	42712894	42712769	minus	-1	3.3
Exon_7	OV815993.1	12	64	65	27684437	27684279	minus	-3	3.3
Exon_7	OV815993.1	12	53	65	36398581	36398468	minus	-1	3.7
Exon_7	OV815993.1	12	53	65	36379293	36379180	minus	-2	3.7
Exon_7	OV815993.1	12	53	65	36357935	36357822	minus	-3	3.7
Exon_7	OV815993.1	12	59	65	46715933	46716064	plus	2	4.3
Exon_7	OV815993.1	12	59	65	46529549	46529418	minus	-3	4.5
Exon_7	OV815993.1	12	59	65	47497552	47497686	plus	1	4.7
Exon_7	OV815993.1	12	62	65	22619029	22619172	plus	1	5.8
Exon_7	OV815993.1	12	62	65	22654140	22653997	minus	-2	5.8
Exon_7	OV815993.1	10	54	65	39938999	39938871	minus	-3	6.2
Exon_7	OV815993.1	12	59	65	45756197	45756063	minus	-3	7.4
Exon_7	OV815999.1	10	54	65	18820154	18820026	minus	-2	0.33
Exon_7	OV815997.1	11	60	65	38528301	38528444	plus	3	0.55
Exon_7	OV815997.1	12	56	65	12769444	12769319	minus	-3	0.79
Exon_7	OV815997.1	12	56	65	10791243	10791118	minus	-1	0.79
Exon_7	OV815997.1	10	62	65	25885731	25885582	minus	-1	1.2
Exon_7	OV815997.1	12	56	65	11395466	11395591	plus	2	2.9
Exon_7	OV815997.1	12	56	65	12794133	12794258	plus	3	2.9
Exon_7	OV815997.1	12	56	65	16531218	16531343	plus	3	2.9
Exon_7	OV815997.1	12	56	65	12417456	12417331	minus	-1	2.9
Exon_7	OV815997.1	12	56	65	10977185	10977060	minus	-2	2.9
Exon_7	OV815997.1	12	53	65	26333676	26333563	minus	-1	3.7
Exon_7	OV815997.1	9	60	65	19780831	19780977	plus	1	4.0
Exon_7	OV815997.1	10	28	65	15289474	15289530	plus	1	8.6
Exon_7	OV815996.1	11	60	65	35449926	35450069	plus	3	0.55
Exon_7	OV815996.1	3	53	65	24545221	24545084	minus	-3	1.3
Exon_7	OV815996.1	12	56	65	21177475	21177600	plus	1	1.6
Exon_7	OV815996.1	33	59	65	20953768	20953848	plus	1	2.5
Exon_7	OV815996.1	12	56	65	20304458	20304583	plus	2	2.9
Exon_7	OV815996.1	12	56	65	20674119	20674244	plus	3	2.9
Exon_7	OV815996.1	12	56	65	33511108	33511233	plus	1	2.9
Exon_7	OV815996.1	12	56	65	12817627	12817502	minus	-3	2.9
Exon_7	OV815996.1	12	56	65	12103242	12103117	minus	-1	2.9
Exon_7	OV815996.1	10	62	65	29890130	29890276	plus	2	3.8
Exon_7	OV815996.1	6	57	65	29895617	29895477	minus	-2	4.5
Exon_7	OV815996.1	12	56	65	30804588	30804463	minus	-1	5.3
Exon_7	OV815996.1	12	56	65	21165986	21166111	plus	2	6.4
Exon_7	OV815996.1	9	60	65	31162125	31161979	minus	-1	7.2
Exon_7	OV815996.1	12	54	65	26106441	26106325	minus	-1	8.5
Exon_7	CAKMYJ010000266.1	12	56	65	2497188	2497313	plus	3	0.79
Exon_7	OV815994.1	12	56	65	12066674	12066549	minus	-2	0.83
Exon_7	OV815994.1	12	31	65	28785100	28785041	minus	-3	2.7
Exon_7	OV815994.1	12	56	65	10205923	10206048	plus	1	2.9
Exon_7	OV815998.1	12	56	65	14406086	14405961	minus	-3	2.8
Exon_7	OV815998.1	12	56	65	22864884	22865009	plus	3	2.9
Exon_7	OV815998.1	12	53	65	11512287	11512400	plus	3	3.8
Exon_7	OV815998.1	12	56	65	13374015	13374140	plus	3	6.6
Exon_7	OV815998.1	11	49	65	33254144	33254263	plus	2	8.0
Exon_7	OV815998.1	3	60	65	19649779	19649585	minus	-1	8.2
Exon_8	OV815995.1	1	74	75	44179901	44180122	plus	2	6.78e-44
Exon_8	OV815993.1	24	54	75	86241613	86241521	minus	-1	2.0
Exon_8	OV815993.1	1	40	75	3957677	3957558	minus	-3	5.9
Exon_8	OV815998.1	9	38	75	13457653	13457742	plus	1	4.6
Exon_8	OV815994.1	27	48	75	2179375	2179310	minus	-3	5.0
Exon_9	OV815995.1	1	83	84	44180198	44180446	plus	2	7.13e-38
Exon_9	OV815995.1	5	54	84	49740091	49739957	minus	-2	1.9
Exon_9	OV815993.1	33	59	84	78692219	78692299	plus	2	4.6
Exon_10	OV815995.1	1	51	51	44180552	44180704	plus	2	3.68e-28
Exon_10	OV815994.1	6	37	51	23346590	23346495	minus	-2	1.1
Exon_10	OV815993.1	15	45	51	57395957	57395865	minus	-3	2.2
Exon_10	OV815999.1	2	38	51	28908579	28908680	plus	3	2.7
Exon_10	OV815998.1	20	47	51	518907	518996	plus	3	8.6
