Exon_1	OX276329.1	1	18	19	36554815	36554868	plus	1	2.1
Exon_2	OX276329.1	1	64	65	36554965	36555156	plus	1	9.21e-22
Exon_2	OX276329.1	28	58	65	18758804	18758896	plus	2	5.4
Exon_2	OX276330.1	14	61	65	38154058	38153915	minus	-2	0.72
Exon_2	OX276327.1	25	54	65	68733697	68733608	minus	-3	1.7
Exon_2	OX276328.1	5	47	65	47584099	47583968	minus	-2	8.0
Exon_3	OX276329.1	5	188	188	36555248	36555796	plus	2	3.54e-69
Exon_3	OX276331.1	36	114	188	33761750	33761995	plus	2	2.9
Exon_3	OX276332.1	32	78	188	28686067	28686219	plus	1	3.0
Exon_3	OX276327.1	37	96	188	57724273	57724461	plus	1	3.6
Exon_4	OX276329.1	1	108	109	36555876	36556199	plus	3	1.33e-48
Exon_4	OX276330.1	9	63	109	43838340	43838504	plus	3	4.2
Exon_5	OX276329.1	9	64	66	36556310	36556477	plus	2	3.39e-19
Exon_5	OX276329.1	22	52	66	24502844	24502936	plus	2	2.8
Exon_5	OX276329.1	25	61	66	13033450	13033560	plus	1	3.2
Exon_5	OX276329.1	33	64	66	51158188	51158093	minus	-3	6.4
Exon_5	OX276328.1	6	33	66	17481222	17481136	minus	-3	2.6
Exon_5	OX276328.1	30	54	66	20842130	20842204	plus	2	7.8
Exon_5	OX276327.1	26	42	66	66473821	66473871	plus	1	3.8
Exon_5	OX276330.1	23	61	66	13994266	13994147	minus	-2	7.3
Exon_6	OX276329.1	1	84	84	36556563	36556814	plus	3	4.29e-30
Exon_6	OX276330.1	4	65	84	45587403	45587218	minus	-3	0.096
Exon_6	OX276328.1	6	44	84	48505145	48505029	minus	-1	2.3
Exon_6	OX276332.1	32	67	84	26551551	26551444	minus	-3	3.7
Exon_6	OX276332.1	21	62	84	21554561	21554433	minus	-1	9.3
Exon_7	OX276329.1	1	64	65	36558000	36558191	plus	3	2.61e-25
Exon_7	OX276329.1	12	56	65	2813589	2813714	plus	3	1.6
Exon_7	OX276329.1	12	56	65	35770201	35770326	plus	1	1.6
Exon_7	OX276329.1	6	53	65	28970800	28970928	plus	1	2.3
Exon_7	OX276329.1	12	59	65	45800613	45800747	plus	3	3.7
Exon_7	OX276329.1	20	54	65	50419250	50419354	plus	2	3.8
Exon_7	OX276329.1	9	28	65	37903857	37903798	minus	-1	7.7
Exon_7	OX276330.1	12	56	65	36854427	36854552	plus	3	0.23
Exon_7	OX276330.1	12	56	65	33087566	33087441	minus	-1	1.0
Exon_7	OX276330.1	12	56	65	17605784	17605659	minus	-1	1.6
Exon_7	OX276330.1	12	59	65	21620664	21620798	plus	3	4.1
Exon_7	OX276330.1	8	60	65	31086461	31086634	plus	2	4.3
Exon_7	OX276330.1	8	60	65	31100736	31100909	plus	3	4.3
Exon_7	OX276330.1	3	53	65	21264566	21264706	plus	2	7.8
Exon_7	OX276330.1	9	28	65	22385644	22385585	minus	-2	7.8
Exon_7	OX276330.1	3	53	65	28330529	28330669	plus	2	9.6
Exon_7	OX276328.1	11	59	65	18264116	18263979	minus	-1	0.47
Exon_7	OX276328.1	12	59	65	32930687	32930553	minus	-1	1.2
Exon_7	OX276328.1	12	59	65	24933495	24933629	plus	3	1.2
Exon_7	OX276328.1	12	59	65	18426108	18425974	minus	-3	1.2
Exon_7	OX276328.1	12	56	65	29848470	29848595	plus	3	1.6
Exon_7	OX276328.1	9	60	65	26127396	26127250	minus	-3	1.9
Exon_7	OX276328.1	4	53	65	55450626	55450492	minus	-3	2.2
Exon_7	OX276328.1	11	30	65	21923548	21923607	plus	1	3.8
Exon_7	OX276328.1	8	60	65	28052420	28052593	plus	2	4.3
Exon_7	OX276328.1	4	54	65	24860914	24861066	plus	1	9.1
Exon_7	OX276333.1	12	56	65	13307632	13307757	plus	1	0.92
Exon_7	OX276333.1	12	56	65	13196443	13196568	plus	1	1.6
Exon_7	OX276333.1	12	56	65	12271695	12271570	minus	-2	1.6
Exon_7	OX276333.1	12	56	65	9846204	9846079	minus	-2	1.6
Exon_7	OX276331.1	1	54	65	24082741	24082896	plus	1	1.2
Exon_7	OX276331.1	12	56	65	31298095	31298220	plus	1	1.6
Exon_7	OX276331.1	12	59	65	22911482	22911348	minus	-2	1.6
Exon_7	OX276331.1	6	53	65	25601018	25600890	minus	-2	2.3
Exon_7	OX276331.1	4	53	65	10775591	10775457	minus	-2	3.9
Exon_7	OX276331.1	2	58	65	20891089	20890919	minus	-3	9.9
Exon_7	OX276327.1	12	59	65	46038822	46038688	minus	-1	1.2
Exon_7	OX276327.1	12	59	65	31178665	31178799	plus	1	1.3
Exon_7	OX276327.1	12	56	65	42798628	42798753	plus	1	1.6
Exon_7	OX276327.1	12	56	65	51537062	51537187	plus	2	1.6
Exon_7	OX276327.1	12	56	65	38762210	38762085	minus	-2	1.6
Exon_7	OX276327.1	12	56	65	91875737	91875862	plus	2	1.6
Exon_7	OX276327.1	4	54	65	54883426	54883289	minus	-3	2.5
Exon_7	OX276327.1	12	56	65	49009491	49009366	minus	-1	2.7
Exon_7	OX276327.1	5	53	65	43702519	43702376	minus	-3	3.1
Exon_7	OX276327.1	9	60	65	41347846	41347700	minus	-3	3.5
Exon_7	OX276327.1	4	53	65	42022426	42022292	minus	-3	3.8
Exon_7	OX276327.1	12	56	65	37589592	37589717	plus	3	4.5
Exon_7	OX276327.1	8	55	65	50986517	50986383	minus	-2	4.7
Exon_7	OX276327.1	12	56	65	45008532	45008657	plus	3	5.5
Exon_7	OX276327.1	9	54	65	55014142	55014017	minus	-3	9.1
Exon_7	OX276332.1	12	56	65	21895141	21895266	plus	1	1.6
Exon_7	OX276332.1	12	56	65	15371954	15371829	minus	-1	1.6
Exon_7	OX276332.1	12	62	65	2890188	2890334	plus	3	3.7
Exon_7	OX276332.1	4	53	65	13852707	13852841	plus	3	4.1
Exon_7	OX276332.1	12	53	65	14942508	14942395	minus	-3	7.1
Exon_8	OX276329.1	1	74	75	36558279	36558500	plus	3	1.08e-34
Exon_9	OX276329.1	1	83	84	36558581	36558829	plus	2	2.70e-20
Exon_10	OX276329.1	2	39	51	36558928	36559041	plus	1	5.22e-08
Exon_10	OX276328.1	9	43	51	42025713	42025606	minus	-3	4.0
