Exon_1	OZ010730.1	1	18	19	31390079	31390026	minus	-1	2.6
Exon_2	OZ010730.1	1	64	65	31389929	31389738	minus	-1	1.06e-20
Exon_2	OZ010730.1	28	58	65	50500381	50500289	minus	-2	6.5
Exon_2	OZ010733.1	14	58	65	34033808	34033674	minus	-3	0.84
Exon_3	OZ010730.1	5	188	188	31389646	31389098	minus	-2	2.21e-71
Exon_3	OZ010730.1	104	159	188	12590050	12589871	minus	-2	1.3
Exon_3	OZ010728.1	37	96	188	65527057	65527245	plus	1	3.9
Exon_4	OZ010730.1	1	107	109	31388891	31388571	minus	-1	1.36e-47
Exon_4	OZ010733.1	9	63	109	42683017	42683181	plus	1	5.1
Exon_5	OZ010730.1	9	64	66	31388457	31388290	minus	-3	6.36e-20
Exon_5	OZ010730.1	25	61	66	56701568	56701458	minus	-1	1.0
Exon_5	OZ010731.1	6	33	66	43321797	43321883	plus	3	0.63
Exon_5	OZ010731.1	30	54	66	39801161	39801087	minus	-2	5.7
Exon_6	OZ010730.1	1	84	84	31388204	31387953	minus	-1	5.23e-30
Exon_6	OZ010733.1	7	65	84	44533160	44532954	minus	-3	0.11
Exon_6	OZ010734.1	14	74	84	8584018	8583851	minus	-3	2.9
Exon_7	OZ010730.1	1	64	65	31386665	31386474	minus	-1	6.12e-25
Exon_7	OZ010730.1	12	56	65	19766766	19766891	plus	3	2.0
Exon_7	OZ010730.1	29	59	65	69003867	69003775	minus	-3	9.3
Exon_7	OZ010733.1	11	64	65	30165412	30165260	minus	-1	0.014
Exon_7	OZ010733.1	12	59	65	30176197	30176331	plus	1	1.4
Exon_7	OZ010732.1	11	64	65	15660134	15660286	plus	2	0.016
Exon_7	OZ010732.1	2	56	65	20881587	20881742	plus	3	0.27
Exon_7	OZ010732.1	12	62	65	48800480	48800334	minus	-2	3.4
Exon_7	OZ010732.1	12	56	65	35721804	35721679	minus	-1	7.3
Exon_7	OZ010729.1	11	64	65	16449838	16449990	plus	1	0.018
Exon_7	OZ010729.1	12	59	65	38687550	38687684	plus	3	1.4
Exon_7	OZ010729.1	8	60	65	18282142	18282315	plus	1	1.6
Exon_7	OZ010729.1	12	56	65	32068110	32067985	minus	-3	1.9
Exon_7	OZ010729.1	12	56	65	36522712	36522587	minus	-2	2.0
Exon_7	OZ010729.1	12	56	65	32614046	32613921	minus	-1	2.0
Exon_7	OZ010729.1	12	56	65	25355585	25355460	minus	-1	2.0
Exon_7	OZ010729.1	12	56	65	24751574	24751449	minus	-1	2.0
Exon_7	OZ010729.1	12	56	65	16884976	16884851	minus	-2	2.0
Exon_7	OZ010729.1	11	59	65	38606495	38606358	minus	-1	2.0
Exon_7	OZ010729.1	4	53	65	16253337	16253203	minus	-3	4.8
Exon_7	OZ010729.1	12	54	65	37283675	37283559	minus	-1	8.8
Exon_7	OZ010729.1	12	54	65	37258361	37258477	plus	2	8.8
Exon_7	OZ010729.1	3	53	65	32166860	32166720	minus	-1	9.8
Exon_7	CAWVQO010000529.1	12	64	65	15393	15220	minus	-2	0.37
Exon_7	CAWVQO010000156.1	12	64	65	5244	5417	plus	3	0.37
Exon_7	CAWVQO010000066.1	12	64	65	18053	17880	minus	-2	0.37
Exon_7	CAWVQO010000639.1	12	64	65	3472	3645	plus	1	0.37
Exon_7	CAWVQO010000218.1	12	64	65	19195	19368	plus	1	0.37
Exon_7	CAWVQO010000432.1	12	64	65	17480	17653	plus	2	0.37
Exon_7	CAWVQO010000651.1	12	64	65	9041	9214	plus	2	0.37
Exon_7	CAWVQO010000651.1	12	64	65	25033	25206	plus	1	0.37
Exon_7	CAWVQO010000518.1	12	64	65	39246	39073	minus	-2	0.37
Exon_7	CAWVQO010000518.1	12	64	65	11972	11799	minus	-3	0.37
Exon_7	CAWVQO010000032.1	12	64	65	27585	27412	minus	-1	0.37
Exon_7	CAWVQO010000032.1	12	64	65	11593	11420	minus	-3	0.37
Exon_7	CAWVQO010000032.1	12	64	65	3440	3613	plus	2	0.46
Exon_7	CAWVQO010000354.1	12	64	65	76981	76808	minus	-3	0.37
Exon_7	CAWVQO010000354.1	12	64	65	23955	23782	minus	-1	0.37
Exon_7	OZ010728.1	8	60	65	52456736	52456909	plus	2	0.41
Exon_7	OZ010728.1	12	56	65	13902794	13902919	plus	2	2.0
Exon_7	OZ010728.1	12	56	65	61929888	61929763	minus	-1	2.0
Exon_7	OZ010728.1	12	56	65	46702549	46702674	plus	1	2.0
Exon_7	OZ010728.1	12	56	65	45260742	45260617	minus	-1	2.0
Exon_7	OZ010728.1	12	56	65	22608963	22608838	minus	-1	2.0
Exon_7	OZ010728.1	12	56	65	89623785	89623910	plus	3	2.0
Exon_7	OZ010728.1	12	56	65	8400886	8400761	minus	-3	2.0
Exon_7	OZ010728.1	21	56	65	21059864	21059986	plus	2	2.2
Exon_7	OZ010728.1	4	53	65	62709715	62709581	minus	-3	2.5
Exon_7	OZ010728.1	4	53	65	61676233	61676367	plus	1	2.8
Exon_7	OZ010728.1	5	62	65	47650995	47650825	minus	-1	3.2
Exon_7	OZ010728.1	4	54	65	30457932	30457780	minus	-1	9.1
Exon_7	OZ010731.1	12	59	65	39048494	39048360	minus	-2	1.4
Exon_7	OZ010731.1	12	59	65	42491604	42491738	plus	3	1.5
Exon_7	OZ010731.1	12	56	65	36814522	36814397	minus	-3	2.0
Exon_7	OZ010731.1	12	56	65	29276142	29276267	plus	3	2.0
Exon_7	OZ010731.1	12	56	65	31696085	31696210	plus	2	2.0
Exon_7	OZ010731.1	6	53	65	41286258	41286386	plus	3	2.8
Exon_7	OZ010731.1	10	53	65	26635341	26635222	minus	-1	8.5
Exon_7	OZ010731.1	12	64	65	10815727	10815581	minus	-3	9.1
Exon_7	OZ010734.1	12	56	65	23609874	23609999	plus	3	2.0
Exon_7	OZ010734.1	12	56	65	24509047	24509169	plus	1	3.0
Exon_7	OZ010734.1	8	60	65	15955656	15955483	minus	-1	3.3
Exon_7	OZ010734.1	8	60	65	15753402	15753229	minus	-1	3.3
Exon_7	OZ010734.1	12	56	65	14980871	14980746	minus	-2	7.1
Exon_7	OZ010734.1	28	47	65	25282388	25282447	plus	2	8.5
Exon_8	OZ010730.1	1	74	75	31386386	31386165	minus	-1	5.83e-34
Exon_9	OZ010730.1	1	83	84	31386084	31385836	minus	-3	5.86e-20
Exon_10	OZ010730.1	2	39	51	31385737	31385624	minus	-2	6.37e-08
Exon_10	OZ010730.1	7	41	51	65194972	65194868	minus	-2	6.7
Exon_10	OZ010729.1	9	43	51	47338542	47338435	minus	-3	4.8
Exon_10	OZ010728.1	4	30	51	99661722	99661642	minus	-1	6.5
