Exon_2	OY979767.1	1	63	65	16770496	16770308	minus	-2	2.68e-22
Exon_2	OY979767.1	8	50	65	99097351	99097208	minus	-2	1.1
Exon_2	OY979767.1	2	40	65	32165040	32164927	minus	-3	3.4
Exon_3	OY979767.1	4	188	188	16770222	16769671	minus	-3	2.32e-74
Exon_3	OY979767.1	60	136	188	32625333	32625578	plus	3	2.5
Exon_3	OY979767.1	85	108	188	17665529	17665458	minus	-1	3.7
Exon_3	OY979769.1	37	96	188	2733189	2732995	minus	-2	3.1
Exon_4	OY979767.1	1	108	109	16769590	16769267	minus	-2	1.78e-51
Exon_4	OY979767.1	36	105	109	51827200	51827412	plus	1	1.1
Exon_4	OY979767.1	10	65	109	90797341	90797508	plus	1	3.6
Exon_4	OY979767.1	28	46	109	14505835	14505779	minus	-2	7.5
Exon_5	OY979767.1	2	64	66	16769185	16769006	minus	-2	1.60e-23
Exon_5	OY979767.1	44	65	66	21428460	21428525	plus	3	9.9
Exon_5	OY979767.1	4	42	66	75129316	75129200	minus	-2	10.0
Exon_5	OY979769.1	13	63	66	36565524	36565372	minus	-2	0.24
Exon_5	OY979766.1	44	65	66	43479581	43479516	minus	-2	6.6
Exon_6	OY979767.1	1	84	84	16768922	16768671	minus	-1	4.43e-30
Exon_6	OY979768.1	19	78	84	44423408	44423584	plus	2	0.33
Exon_6	OY979766.1	40	71	84	18475706	18475620	minus	-2	8.8
Exon_7	OY979767.1	1	64	65	16768407	16768216	minus	-3	4.82e-26
Exon_7	OY979767.1	11	64	65	62846872	62847024	plus	1	0.060
Exon_7	OY979767.1	17	47	65	87423065	87423157	plus	2	0.31
Exon_7	OY979767.1	9	61	65	76889015	76888866	minus	-1	0.40
Exon_7	OY979767.1	10	53	65	77005515	77005396	minus	-3	0.99
Exon_7	OY979767.1	12	56	65	41522880	41523005	plus	3	1.1
Exon_7	OY979767.1	11	60	65	74196652	74196509	minus	-2	1.6
Exon_7	OY979767.1	9	60	65	76693509	76693655	plus	3	2.0
Exon_7	OY979767.1	12	34	65	79503460	79503528	plus	1	2.2
Exon_7	OY979767.1	11	57	65	60389977	60389846	minus	-2	2.4
Exon_7	OY979767.1	10	59	65	45401559	45401699	plus	3	3.1
Exon_7	OY979767.1	4	53	65	55383820	55383686	minus	-2	3.3
Exon_7	OY979767.1	9	32	65	79260243	79260314	plus	3	4.4
Exon_7	OY979767.1	9	60	65	57310169	57310023	minus	-1	8.3
Exon_7	OY979767.1	12	54	65	84152614	84152498	minus	-2	9.1
Exon_7	OY979767.1	12	54	65	77862703	77862587	minus	-2	9.1
Exon_7	OY979767.1	41	59	65	58542716	58542660	minus	-1	9.4
Exon_7	OY979766.1	11	64	65	46089150	46089302	plus	3	0.037
Exon_7	OY979766.1	11	57	65	51524323	51524192	minus	-3	0.15
Exon_7	OY979766.1	11	59	65	88095000	88095137	plus	3	0.15
Exon_7	OY979766.1	10	61	65	87986044	87985898	minus	-3	0.22
Exon_7	OY979766.1	9	61	65	107148316	107148465	plus	1	0.40
Exon_7	OY979766.1	3	53	65	59805939	59805799	minus	-1	0.47
Exon_7	OY979766.1	10	53	65	55077127	55077246	plus	1	0.91
Exon_7	OY979766.1	4	35	65	48142669	48142577	minus	-3	1.2
Exon_7	OY979766.1	11	60	65	71772555	71772412	minus	-1	1.4
Exon_7	OY979766.1	12	53	65	47505591	47505704	plus	3	1.9
Exon_7	OY979766.1	9	60	65	38873626	38873772	plus	1	2.0
Exon_7	OY979766.1	9	60	65	70002360	70002214	minus	-1	2.0
Exon_7	OY979766.1	2	56	65	75803595	75803750	plus	3	2.8
Exon_7	OY979766.1	2	56	65	39677208	39677053	minus	-1	2.8
Exon_7	OY979766.1	6	57	65	88824943	88825083	plus	1	4.5
Exon_7	OY979766.1	4	53	65	103503961	103503827	minus	-3	5.6
Exon_7	OY979766.1	8	60	65	41667403	41667576	plus	1	6.5
Exon_7	OY979766.1	12	54	65	113774420	113774304	minus	-2	9.1
Exon_7	OY979766.1	12	54	65	95031985	95032101	plus	1	9.1
Exon_7	CAWLCU010000546.1	9	60	65	645255	645109	minus	-3	0.39
Exon_7	CAWLCU010000139.1	9	61	65	416470	416321	minus	-2	0.40
Exon_7	OY979768.1	12	59	65	13228470	13228604	plus	3	0.50
Exon_7	OY979768.1	12	59	65	29178229	29178095	minus	-2	0.53
Exon_7	OY979768.1	12	56	65	19234248	19234373	plus	3	1.8
Exon_7	OY979768.1	6	57	65	13082660	13082800	plus	2	1.9
Exon_7	OY979768.1	12	54	65	2663633	2663749	plus	2	9.1
Exon_7	OY979768.1	12	54	65	3621425	3621541	plus	2	9.1
Exon_7	OY979768.1	12	54	65	47097118	47097002	minus	-2	9.1
Exon_7	OY979768.1	12	54	65	345779	345663	minus	-1	9.1
Exon_7	CAWLCU010000518.1	12	59	65	2617783	2617646	minus	-1	2.6
Exon_7	CAWLCU010000509.1	2	56	65	8674	8519	minus	-3	2.8
Exon_7	CAWLCU010000508.1	2	56	65	45699	45854	plus	3	2.8
Exon_7	CAWLCU010000772.1	2	56	65	62699	62544	minus	-3	2.8
Exon_7	CAWLCU010000384.1	2	56	65	4691	4846	plus	2	2.8
Exon_7	CAWLCU010000126.1	2	56	65	326241	326086	minus	-1	2.8
Exon_7	CAWLCU010000126.1	2	56	65	318824	318669	minus	-2	2.8
Exon_7	CAWLCU010000487.1	2	56	65	13951	14106	plus	1	2.8
Exon_7	CAWLCU010000487.1	2	56	65	409826	409981	plus	2	2.8
Exon_7	CAWLCU010000562.1	2	56	65	642378	642223	minus	-2	2.8
Exon_7	CAWLCU010000486.1	2	56	65	1147616	1147461	minus	-2	2.8
Exon_7	OY979769.1	16	53	65	20762762	20762658	minus	-3	5.4
Exon_7	OY979769.1	12	54	65	6006817	6006701	minus	-1	9.1
Exon_7	CAWLCU010000788.1	8	60	65	19095	19268	plus	3	6.5
Exon_7	CAWLCU010000755.1	12	59	65	2100474	2100608	plus	3	6.8
Exon_8	OY979767.1	1	74	75	16768128	16767907	minus	-3	1.53e-31
Exon_8	OY979768.1	27	63	75	42981176	42981066	minus	-1	0.29
Exon_8	OY979766.1	30	65	75	109247786	109247878	plus	2	4.6
Exon_9	OY979767.1	1	83	84	16767826	16767578	minus	-2	5.06e-20
Exon_10	OY979767.1	1	47	51	16767487	16767320	minus	-2	9.51e-10
