Exon_1	OV815489.1	1	18	19	16616492	16616545	plus	2	0.004
Exon_2	OV815489.1	1	64	65	16616641	16616832	plus	1	2.69e-20
Exon_2	OV815489.1	3	53	65	31974891	31974736	minus	-2	1.2
Exon_2	OV815489.1	2	40	65	35592768	35592905	plus	3	7.5
Exon_2	OV815488.1	1	20	65	44004197	44004256	plus	2	2.4
Exon_2	OV815488.1	9	51	65	9771338	9771174	minus	-1	6.6
Exon_3	OV815489.1	1	188	188	16616912	16617475	plus	2	5.92e-76
Exon_3	OV815488.1	41	90	188	9417029	9417187	plus	2	3.8
Exon_4	OV815489.1	1	108	109	16617555	16617878	plus	3	2.96e-47
Exon_4	OV815489.1	11	61	109	45700955	45700803	minus	-3	4.5
Exon_4	OV815489.1	76	102	109	20664090	20664010	minus	-2	4.6
Exon_4	OV815489.1	11	61	109	1551374	1551222	minus	-3	6.7
Exon_4	OV815487.1	10	65	109	65508461	65508628	plus	2	1.9
Exon_4	OV815487.1	7	52	109	51881691	51881551	minus	-3	3.0
Exon_4	OV815487.1	28	44	109	30649856	30649906	plus	2	7.4
Exon_4	OV815488.1	48	97	109	16076889	16076731	minus	-3	4.7
Exon_5	OV815489.1	4	64	66	16617975	16618157	plus	3	6.69e-24
Exon_5	OV815489.1	7	42	66	27549211	27549315	plus	1	1.4
Exon_5	OV815489.1	7	43	66	33995359	33995252	minus	-1	2.1
Exon_5	OV815489.1	7	43	66	69220848	69220955	plus	3	8.6
Exon_5	OV815488.1	33	64	66	9670083	9670178	plus	3	1.5
Exon_5	OV815488.1	18	56	66	17510362	17510240	minus	-2	2.4
Exon_5	OV815488.1	20	56	66	9108498	9108388	minus	-3	4.1
Exon_5	OV815488.1	7	43	66	84205682	84205575	minus	-1	6.2
Exon_5	OV815488.1	7	43	66	80742540	80742647	plus	3	7.0
Exon_5	OV815488.1	7	43	66	15882960	15882853	minus	-3	7.0
Exon_5	OV815487.1	7	43	66	1826333	1826226	minus	-1	1.7
Exon_5	OV815487.1	7	43	66	57090212	57090319	plus	2	2.1
Exon_5	OV815487.1	14	47	66	30350737	30350838	plus	1	2.7
Exon_5	OV815487.1	7	43	66	74065547	74065654	plus	2	5.9
Exon_6	OV815489.1	1	84	84	16618241	16618492	plus	2	1.32e-29
Exon_6	OV815488.1	8	31	84	14169107	14169036	minus	-1	2.6
Exon_6	OV815488.1	19	43	84	55209837	55209763	minus	-3	9.4
Exon_6	OV815487.1	32	55	84	108978885	108978956	plus	3	5.5
Exon_7	OV815489.1	1	64	65	16618769	16618960	plus	2	3.79e-26
Exon_7	OV815489.1	28	45	65	49193491	49193544	plus	1	9.9
Exon_7	OV815488.1	11	52	65	70717151	70717035	minus	-1	0.10
Exon_7	OV815488.1	12	56	65	2444997	2444872	minus	-3	0.97
Exon_7	OV815488.1	3	60	65	79349090	79349284	plus	2	9.1
Exon_7	OV815487.1	9	61	65	13394287	13394138	minus	-2	0.57
Exon_7	OV815487.1	12	56	65	6645933	6645808	minus	-3	0.94
Exon_7	OV815487.1	12	56	65	6616579	6616454	minus	-2	0.94
Exon_7	OV815487.1	12	56	65	6597615	6597490	minus	-3	0.94
Exon_7	OV815487.1	12	56	65	6578096	6577971	minus	-1	0.94
Exon_7	OV815487.1	12	56	65	10140843	10140968	plus	3	0.97
Exon_7	OV815487.1	12	56	65	8972087	8971962	minus	-1	0.97
Exon_7	OV815487.1	12	56	65	6735542	6735417	minus	-1	0.97
Exon_7	OV815487.1	12	56	65	6722208	6722083	minus	-3	0.97
Exon_7	OV815487.1	12	56	65	6715522	6715397	minus	-2	0.97
Exon_7	OV815487.1	12	56	65	6709725	6709600	minus	-3	0.97
Exon_7	OV815487.1	12	56	65	6703925	6703800	minus	-1	0.97
Exon_7	OV815487.1	12	56	65	6698133	6698008	minus	-3	0.97
Exon_7	OV815487.1	12	56	65	6692343	6692218	minus	-3	0.97
Exon_7	OV815487.1	12	56	65	6686546	6686421	minus	-1	0.97
Exon_7	OV815487.1	12	56	65	6674957	6674832	minus	-1	0.97
Exon_7	OV815487.1	12	56	65	6669152	6669027	minus	-1	0.97
Exon_7	OV815487.1	12	56	65	6663348	6663223	minus	-3	0.97
Exon_7	OV815487.1	12	56	65	6657541	6657416	minus	-2	0.97
Exon_7	OV815487.1	12	56	65	6651737	6651612	minus	-1	0.97
Exon_7	OV815487.1	12	56	65	6640135	6640010	minus	-2	0.97
Exon_7	OV815487.1	12	56	65	6610769	6610644	minus	-1	0.97
Exon_7	OV815487.1	12	56	65	6604958	6604833	minus	-1	0.97
Exon_7	OV815487.1	12	56	65	6591799	6591674	minus	-2	0.97
Exon_7	OV815487.1	12	56	65	6585046	6584921	minus	-2	0.97
Exon_7	OV815487.1	12	56	65	6572289	6572164	minus	-3	0.97
Exon_7	OV815487.1	12	56	65	3510101	3509976	minus	-1	0.97
Exon_7	OV815487.1	4	53	65	2465590	2465724	plus	1	1.1
Exon_7	OV815487.1	9	60	65	9454176	9454322	plus	3	1.9
Exon_7	OV815487.1	9	32	65	2426803	2426732	minus	-2	3.2
Exon_7	OV815487.1	5	48	65	40056384	40056253	minus	-3	3.9
Exon_7	OV815487.1	9	28	65	9288866	9288807	minus	-1	4.1
Exon_7	OV815487.1	9	28	65	11187264	11187323	plus	3	4.3
Exon_7	OV815487.1	9	28	65	11101852	11101793	minus	-2	4.3
Exon_7	OV815487.1	12	56	65	5806251	5806376	plus	3	4.6
Exon_7	OV815487.1	3	53	65	66384785	66384648	minus	-1	4.9
Exon_7	OV815487.1	12	59	65	11083755	11083886	plus	3	5.4
Exon_7	OV815487.1	12	59	65	11205386	11205255	minus	-1	5.4
Exon_7	OV815487.1	3	60	65	10228188	10228382	plus	3	7.9
Exon_7	OV815487.1	3	24	65	998854	998919	plus	1	8.4
Exon_7	OV815487.1	12	56	65	6742433	6742314	minus	-1	9.0
Exon_7	OV815487.1	12	30	65	9484474	9484418	minus	-2	9.6
Exon_7	CAKMYH010000097.1	8	60	65	73905	73732	minus	-1	5.1
Exon_7	CAKMYH010000046.1	8	60	65	222677	222850	plus	2	5.1
Exon_7	CAKMYH010000077.1	8	60	65	258787	258614	minus	-2	5.1
Exon_7	CAKMYH010000077.1	8	60	65	28625	28452	minus	-1	5.1
Exon_8	OV815489.1	1	74	75	16619048	16619269	plus	2	7.98e-31
Exon_8	OV815488.1	31	64	75	87417737	87417636	minus	-1	2.3
Exon_8	OV815488.1	9	54	75	13378528	13378394	minus	-2	5.7
Exon_8	OV815488.1	15	40	75	76764311	76764388	plus	2	9.0
Exon_9	OV815489.1	1	83	84	16619354	16619602	plus	2	2.65e-22
Exon_10	OV815489.1	1	41	51	16619684	16619806	plus	2	3.01e-09
Exon_10	OV815488.1	5	35	51	50196578	50196495	minus	-1	8.9
